#
# Measured orientations at each BSM gauge
# All zero if unmeasured
#
Station CH0 CH1 CH2 CH3
#
AVN2 230.53 170.53 110.53 80.53
B001 200.2 140.2 80.2 50.2
B003 250.7 190.7 130.7 100.7
B004 168.2 108.2 48.2 18.2
B005 319.7 259.7 199.7 169.7
B006 0 -60 -120 -150
B007 193 133 73 43
B009 271.4 211.4 151.4 121.4
B010 267.8 207.8 147.8 117.8
B011 0 -60 -120 -150
B012 329.4 269.4 209.4 179.4
B013 231.7 171.7 111.7 81.7
B014 256.3 196.3 136.3 106.3
B017 323.5 263.5 203.5 173.5
B018 267.0 207 147 117
B019 245.1 185.1 125.1 95.1
B020 0 -60 -120 -150
B022 199.2 139.2 79.2 49.2
B023 206.5 146.5 86.5 56.5
B024 321.7 261.7 201.7 171.7
B026 373.6 313.6 253.6 223.6
B027 316.3 256.3 196.3 166.3
B028 282.3 222.3 162.3 132.3
B030 220.5 160.5 100.5 70.5
B031 239.3 179.3 119.3 89.3
B032 215.8 155.8 95.8 65.8
B033 277.0 217 157 127
B035 279.1 219.1 159.1 129.1
B036 258.9 198.9 138.9 108.9
B039 331.0 271 211 181
B040 272.7 212.7 152.7 122.7
B045 227.7 167.7 107.7 77.7
B046 0 0 0 0
B047 0 0 0 0
B049 0 0 0 0
B054 325.0 265 205 175
B057 206.9 146.9 86.9 56.9
B058 349.9 289.9 229.9 199.9
B065 231.3 171.3 111.3 81.3
B066 331.5 271.5 211.5 181.5
B067 311.6 251.6 191.6 161.6
B072 219.7 159.7 99.7 69.7
B075 321.9 261.9 201.9 171.9
B073 270.1 210.1 150.1 120.1
B076 278.5 218.5 158.5 128.5
B078 279.7 219.7 159.7 129.7
B079 339.8 279.8 219.8 189.8
B081 3.2 -56.8 -116.8 -146.8
B082 324.8 264.8 204.8 174.8
B089 291.0 231 171 141
B084 197.0 137 77 47
B086 316.5 256.5 196.5 166.5
B087 340.7 280.7 220.7 190.7
B088 216.2 156.2 96.2 66.2
B093 339.0 279 219 189
B201 18.0 -42 -102 -132
B202 207.7 147.7 87.7 57.7
B203 290.7 230.7 170.7 140.7
B204 235.9 175.9 115.9 85.9
B205 200.9 140.9 80.9 50.9
B206 181.0 121 61 31
B207 0 -60 -120 -150
B208 292.4 232.4 172.4 142.4
B900 221.3 161.3 101.3 71.3
B901 215.5 155.5 95.5 65.5
B916 303.6 243.6 183.6 153.6
B917 306.1 246.1 186.1 156.1
B918 288.9 228.9 168.9 138.9
B921 340.5 280.5 220.5 190.5
B926 236.4 176.4 116.4 86.4
B927 331.1 271.1 211.1 181.1
B928 284.1 224.1 164.1 134.1
B932 0 0 0 0
B933 271 211 151 121
B934 319 259 199 169
B935 0 -60 -120 -150
B941 281.3 221.3 161.3 131.3
B943 329.5 269.5 209.5 179.5
B944 325.1 265.1 205.1 175.1
B945 0 0 0 0
B946 330.8 270.8 210.8 180.0
